              precision    recall  f1-score   support

           A       0.93      0.96      0.95       964
           B       0.99      0.98      0.98       963
           C       0.98      0.97      0.98       971
           D       0.97      0.97      0.97      1000
           E       0.97      0.98      0.98       964
           F       0.99      0.98      0.98       965
           G       0.90      0.84      0.87       980
           H       0.95      0.96      0.96       934
           I       0.73      0.79      0.76       930
           J       0.98      0.94      0.96       954
           K       0.99      0.98      0.98       928
           L       0.77      0.71      0.74       935
           M       0.99      1.00      0.99      1000
           N       0.95      0.98      0.96       985
           O       0.98      0.97      0.97       972
           P       0.98      0.99      0.99       954
           Q       0.86      0.91      0.88      1018
           R       0.97      0.97      0.97       918
           S       0.99      0.99      0.99       959
           T       0.97      0.99      0.98       972
           U       0.93      0.96      0.95       995
           V       0.96      0.93      0.94       945
           W       0.99      0.97      0.98       950
           X       0.99      0.98      0.98       923
           Y       0.96      0.96      0.96       938
           Z       0.99      0.99      0.99       943

    accuracy                           0.95     24960
   macro avg       0.95      0.95      0.95     24960
weighted avg       0.95      0.95      0.95     24960
